20	3.7525993681143914
20.290906698750476	3.752352230620642
20.586044732869844	3.7521055975995425
20.885475648548283	3.751860399421568
21.189261887185914	3.751618089167881
21.49746679841394	3.7513805229874366
21.810154653305165	3.751149975621077
22.12739065777668	3.750929209607754
22.449240966187475	3.750721528858191
22.77577269513385	3.750530747018245
23.107053937445478	3.7503610843767796
23.44315377638505	3.7502170847591154
23.784142300054445	3.750103375078986
24.130090616010463	3.7500243310673502
24.481070866093134	3.749983522964697
24.837156241469714	3.749982852127304
25.1984209978975	3.7500214046953313
25.56494047120865	3.7500942334405742
25.936791093020236	3.7501912361411325
26.3140504066728	3.7502961597635
26.69679708340074	3.750385834160598
27.08511093873791	3.7504297142094463
27.47907294916184	3.7503896498241285
27.878765268980047	3.750219698155972
28.284271247461966	3.7498659414153015
28.695675446220072	3.7492664306221055
29.11306365684382	3.7483512678602566
29.536522918790062	3.7470427799745636
29.966141537533712	3.74525579031431
30.402009102982383	3.7428980131949974
30.844216508158908	3.7398705983206737
31.29285596815558	3.7360688923508882
31.74802103936409	3.7313836916695915
32.20980663898519	3.725703549225097
32.67830906482211	3.7189186637238523
33.153626015361866	3.7109259065535714
33.63585661014871	3.7016337001486788
34.125101410453844	3.6909653267620204
34.62146244024586	3.67885989432854
35.12504320746613	3.66527185269965
35.635948725613716	3.650170572800074
36.15428553564419	3.6335409532081764
36.68016172818701	3.615384787293478
37.21368696608603	3.595722088510942
37.754972507267915	3.5745917379197945
38.30413122794313	3.5520510756141324
38.86127764614443	3.5281741737606405
39.4265279456077	3.503048838565451
40.000000000000206	3.4767721814291557
40.58181339750116	3.449445436544922
41.1720894657399	3.421168963231153
41.77095129709678	3.3920375833859997
42.37852377437204	3.362136599427131
42.9949335968281	3.33153896803129
43.62030930661056	3.3003044408429716
44.25478131555359	3.2684807959077604
44.89848193237519	3.236106195410688
45.55154539026795	3.203211102104434
46.21410787489121	3.169818288863416
46.88630755277036	3.1359409594123875
47.56828460010916	3.1015800377154203
48.260181232021196	3.066722685403435
48.962141732186545	3.0313430822350425
49.674312482939705	2.995405868541276
50.39684199579528	2.9588712903338594
51.129880942417586	2.9217000443933747
51.873582186040764	2.883856023703525
52.628100813345895	2.8453065427682374
53.393594166801776	2.806020204539194
54.17022187747612	2.765963825224631
54.95814589832399	2.7251003763697543
55.75753053796041	2.6833888496988676
56.56854249492426	2.6407861143921982
57.39135089244048	2.5972504177053595
58.226127313687975	2.552745241056776
59.073045837580466	2.507242744912142
59.932283075067765	2.460726309209955
60.804018205965114	2.4131916792138703
61.68843301631817	2.3646469984268297
62.58571193631152	2.3151125859605375
63.49604207872855	2.264620213094083
64.41961327797075	2.2132119159903834
65.35661812964459	2.160938173406064
66.3072520307241	2.1078558088666055
67.27171322029778	2.054026195901749
68.25020282090806	1.9995134991863923
69.2429248804921	1.9443823674757217
70.25008641493265	1.888695017219535
71.27189745122783	1.8325085544420303
72.30857107128878	1.7758733161456464
73.36032345637442	1.7188330104084009
74.42737393217246	1.6614262203497387
75.50994501453623	1.603687444073565
76.60826245588666	1.545646784231426
77.72255529228926	1.487328895799886
78.85305589121582	1.4287520304063333
80.00000000000082	1.3699279603807293
81.16362679500274	1.3108634560908756
82.34417893148023	1.251562652547404
83.541902594194	1.1920288080186947
84.75704754874454	1.132264347693902
85.98986719365665	1.0722699398112439
87.24061861322157	1.0120429924660408
88.50956263110764	0.9515765527708302
89.79696386475084	0.8908599563775846
91.10309078053635	0.8298813800568693
92.42821574978288	0.7686313405995847
93.77261510554118	0.7071055967138511
95.13656920021877	0.6453061148555235
96.52036246404286	0.5832394991424091
97.92428346437356	0.5209147140677106
99.34862496587989	0.45834224693602676
100.79368399159105	0.3955346595295253
102.25976188483567	0.33250780448442707
103.74716437208203	0.2692822733870916
105.25620162669229	0.20588518673005912
106.78718833360406	0.14235248386944052
108.34044375495276	0.07873081337474969
109.9162917966485	0.015077066384897267
111.51506107592134	-0.048544834747995015
113.13708498984903	-0.11206778637058343
114.78270178488147	-0.1754238300667222
116.45225462737648	-0.23854381953670462
118.14609167516147	-0.30135551416379647
119.86456615013608	-0.36378193916059864
121.60803641193078	-0.42574101332596304
123.3768660326369	-0.4871464591809209
125.17142387262359	-0.5479099463083381
126.99208415745765	-0.6079435110898632
128.83922655594208	-0.6671609862456298
130.71323625928977	-0.7254777141793745
132.61450406144883	-0.7828089745800115
134.5434264405962	-0.839068736350074
136.50040564181674	-0.8941698422912312
138.48584976098482	-0.9480245710056687
140.50017282986593	-1.0005439845315873
142.5437949024563	-1.0516353257366298
144.61714214257822	-1.1011987174974078
146.7206469127495	-1.1491260467605353
148.8547478643456	-1.195303485999359
151.01989002907314	-1.2396175388459114
153.216524911774	-1.2819629523675178
155.4451105845792	-1.3222507527921894
157.70611178243232	-1.3604147506142792
160.00000000000236	-1.3964156445719706
162.3272535900062	-1.4302430212206674
164.6883578629612	-1.4619152316661213
167.08380518838874	-1.4914783650220347
169.51409509748981	-1.519004961553411
171.97973438731407	-1.5445918046494622
174.4812372264439	-1.56835539470236
177.01912526221608	-1.5904249835622233
179.5939277295025	-1.6109347355843306
182.20618156107355	-1.6300176635767993
184.85643149956664	-1.6478016457209004
187.54523021108326	-1.66440671374099
190.27313840043846	-1.6799429544520423
193.04072492808663	-1.6945094374151375
195.84856692874806	-1.7081953637994918
198.69724993176072	-1.7210844174111584
201.58736798318304	-1.733260397297459
204.5195237696723	-1.7448120012301174
207.49432874416505	-1.7558341125398982
210.5124032533856	-1.7664255180858466
213.57437666720915	-1.7766846370455747
216.68088750990657	-1.7867044766502613
219.83258359329807	-1.7965671978499869
223.03012215184378	-1.806339025344081
226.2741699796992	-1.816065058857797
229.5654035697641	-1.8257647679688014
232.90450925475412	-1.835429651005154
236.2921833503241	-1.845025451024502
239.72913230027333	-1.8544985139558805
243.21607282386276	-1.863784223692686
246.75373206527502	-1.872813760549563
250.34284774524843	-1.8815171222096851
253.9841683149166	-1.889821834551698
257.67845311188546	-1.8976499694463906
261.42647251858085	-1.9049169166817004
265.22900812289896	-1.9115352653462463
269.08685288119375	-1.9174236606774686
273.0008112836349	-1.9225187262789527
276.97169952197106	-1.9267867570917125
281.00034565973334	-1.9302302272031033
285.0875898049141	-1.9328895108206245
289.23428428515797	-1.9348403241856162
293.44129382550057	-1.9361882651256543
297.7094957286928	-1.937060312714823
302.0397800581479	-1.9375953609492638
306.4330498235497	-1.9379346695568391
310.89022116916016	-1.9382125683245408
315.41222356486645	-1.9385483179210552
320.00000000000654	-1.9390399258497766
324.6545071800142	-1.9397599894995525
329.3767157259242	-1.9407542730400753
334.16761037677935	-1.9420417431153543
339.02819019498156	-1.9436161602720463
343.95946877463007	-1.9454487998013297
348.9624744528898	-1.9474920117718981
354.03825052443415	-1.9496837003013923
359.187855459007	-1.951955373132442
364.4123631221491	-1.9542438266260753
369.71286299913527	-1.9565017495377741
375.0904604221685	-1.9587008120172045
380.54627680087896	-1.960822019764734
386.08144985617537	-1.9628361275639126
391.6971338574982	-1.9646825102433678
397.3944998635236	-1.9662552508164324
403.1747359663683	-1.9674006186998099
409.0390475393468	-1.9679226523656945
414.9886574883323	-1.9675963411829758
421.0248065067734	-1.9661851353670006
427.1487533344206	-1.9634591519016262
433.3617750198154	-1.9592113417827364
439.6651671865984	-1.953270067372661
446.06024430368984	-1.9455061766732253
452.54833995940066	-1.9358346796908927
459.13080713953053	-1.9242094574660908
465.8090185095106	-1.9106078377093176
472.58436670065066	-1.8950076819674186
479.45826460054917	-1.877365064611193
486.432145647728	-1.8576017557580076
493.50746413055253	-1.835607374831176
500.6856954904994	-1.811255900582362
507.9683366298358	-1.7844309266484832
515.3569062237735	-1.7550506849740335
522.8529450371643	-1.7230855952758515
530.4580162458005	-1.6885653004117127
538.1737057623901	-1.651577946734305
546.0016225672724	-1.6122684942711314
553.9433990439449	-1.570839362768699
562.0006913194694	-1.5275490487334316
570.1751796098309	-1.482703982845683
578.4685685703187	-1.4366464717813012
586.8825876510039	-1.3897410865001376
595.4189914573883	-1.3423638071207344
604.0795601162986	-1.2948926220360422
612.8660996471021	-1.2476968031144775
621.780442338323	-1.2011246299484974
630.8244471297356	-1.1554907089639
640.0000000000159	-1.1110641175401839
649.3090143600314	-1.0680617319497836
658.7534314518515	-1.0266507150439375
668.3352207535618	-0.9869590928292508
678.0563803899662	-0.9490858201616287
687.9189375492632	-0.9131002567196209
697.9249489057827	-0.8790236437012314
708.0765010488715	-0.8468007755044086
718.3757109180171	-0.8162780297276473
728.8247262443015	-0.7871978336012722
739.425725998274	-0.7592089344854062
750.1809208443404	-0.7318841481363405
761.0925536017613	-0.7047374538597044
772.1628997123541	-0.6772399855944381
783.3942677149998	-0.648842539092052
794.7889997270506	-0.6190140910853528
806.34947193274	-0.5872919142182736
818.0780950786972	-0.5533311950487039
829.9773149766683	-0.516938950792013
842.0496130135506	-0.47808362646263636
854.2975066688449	-0.4368817819494738
866.7235500396347	-0.3935675258580653
879.3303343732008	-0.3484552507597285
892.1204886073838	-0.30190333975165834
905.0966799188055	-0.2542762681993552
918.2616142790653	-0.20590686539306105
931.6180370190256	-0.1570642690362748
945.1687334013056	-0.10793704508762353
958.9165292011028	-0.058640946999557825
972.8642912954606	-0.009251130637416166
987.0149282611097	0.04015870300426987
1001.3713909810035	0.08949300576484873
1015.9366732596762	0.13863825013112208
1030.7138124475518	0.18749269082746456
1045.7058900743334	0.2360058748323282
1060.916032491606	0.2842034113287003
1076.3474115247852	0.33218543623110713
1092.0032451345498	0.38010242881760087
1107.8867980878947	0.4281149712111898
1124.0013826389438	0.4763629119286812
1140.350359219667	0.5249545718589623
1156.9371371406426	0.5739736798133572
1173.765175302013	0.6234877344138762
1190.837982914782	0.6735543415711552
1208.1591202326028	0.7242255213262481
1225.73219929421	0.7755589211922397
1243.5608846766518	0.8276327771521604
1261.648894259477	0.8805607671946291
1280.0000000000375	0.9345120610956308
1298.6180287200684	0.9897394555576142
1317.5068629037087	1.0466172194540568
1336.6704415071292	1.1056715407069144
1356.112760779938	1.1675899332687678
1375.8378750985323	1.233173557894053
1395.8498978115715	1.3032377384827423
1416.153002097749	1.3785032093283942
1436.7514218360407	1.4595289760425731
1457.6494524886093	1.5467024441684436
1478.8514519965543	1.6402535668773102
1500.3618416886875	1.740285473890693
1522.1851072035295	1.8468036290061138
1544.3257994247153	1.959769125738917
1566.788535430007	2.0792100688937625
1589.5779994541087	2.2053543908339477
1612.6989438654878	2.3387099437452914
1636.156190157402	2.4800293704380048
1659.9546299533442	2.630159016374494
1684.099226027109	2.789827779283753
1708.5950133376978	2.9594464627060324
1733.4471000792773	3.1389680397901465
1758.6606687464096	3.327830717914484
1784.2409772147755	3.52498050025784
1810.193359837619	3.728955624259485
1836.5232285581387	3.9380274540585942
1863.2360740380593	4.15037884466224
1890.3374668026197	4.364278478875092
1917.833058402214	4.578225780888085
1945.7285825909298	4.791038586256744
1974.0298565222283	5.001857360542057
2002.7427819620161	5.2100697169731305
2031.8733465193618	5.415176305573935
2061.4276248951132	5.61664244065731
2091.411780148677	5.813816836399445
2121.832064983222	6.005960469601003
2152.694823049581	6.192367449956955
2184.0064902691106	6.372511174762124
2215.7735961758003	6.546112393101744
2248.002765277899	6.713158961763173
2280.7007184393456	6.873836578563294
2313.874274281297	7.02845225051413
2347.530350604038	7.177371748314522
2381.6759658295764	7.320973430327834
2416.318240465218	7.459617918183872
2451.4643985884327	7.5936270851921455
2487.1217693533167	7.723266320769729
2523.2977885189675	7.848709781700306
2560.0000000000887	7.97001888114543
2597.236057440151	8.087104461972725
2635.0137258074315	8.199657150945493
2673.340883014273	8.307084236840213
2712.225521559891	8.408498976824209
2751.6757501970797	8.502783729318494
2791.699795623158	8.588754021493282
2832.3060041955137	8.66536043484161
2873.502843672097	8.731823441512464
2915.2989049772345	8.787604904155712
2957.7029039931244	8.832260491799582
3000.723683377391	8.865251272119206
3044.370214407075	8.88585596754483
3088.6515988494466	8.89333314827633
3133.57707086003	8.887233658573061
3179.1559989082334	8.8676299472157
3225.3978877309914	8.835129104103704
3272.3123803148205	8.790630347577096
3319.9092599067053	8.735045759322652
3368.198452054235	8.669179395171332
3417.190026675413	8.593812336043802
3466.8942001585724	8.50987640548842
3517.3213374928373	8.418520449916643
3568.4819544295697	8.32096285019477
3620.386719675257	8.218234170838649
3673.0464571162966	8.110991995937752
3726.472148076138	7.999496494403455
3780.6749336052594	7.883717988831903
3835.6661168044484	7.763420345585679
3891.45716518188	7.638127597809217
3948.059713044477	7.507049586186208
4005.4855639240527	7.36904384222473
4063.746693038744	7.222729614328516
4122.855249790247	7.066812353422095
4182.823560297375	6.900526870013953
4243.664129966465	6.723950402361866
4305.389646099183	6.538079898025316
4368.012980538242	6.344566141033078
4431.5471923516225	6.145307058634351
4496.00553055582	5.942223876466654
4561.401436878714	5.73727379156327
4627.748548562617	5.532657901259375
4695.060701208099	5.331187477074555
4763.351931659176	5.136437439665872
4832.63648093046	4.952455829292727
4902.928797176889	4.783049163974894
4974.243538706657	4.630938930680719
5046.595577037959	4.497218397473389
5120.000000000202	4.381163721689186
5194.472114880326	4.2805353639645665
5270.027451614888	4.192064955416585
5346.6817660285715	4.112112947313103
5424.451043119808	4.037327135037306
5503.351500394186	3.965149216197398
5583.399591246343	3.89416924324467
5664.612008391055	3.8242847705766794
5747.005687344222	3.756486096837335
5830.597809954497	3.692484378771851
5915.405807986278	3.6344379198588985
6001.447366754812	3.5848619940788655
6088.740428814181	3.5466587374533813
6177.303197698925	3.5230175431073563
6267.154141720092	3.516889123773211
6358.3119978165005	3.5302990678125177
6450.795775462017	3.5637608735567436
6544.624760629676	3.6162434233748093
6639.818519813445	3.6856597351448097
6736.396904108505	3.7695978929971514
6834.380053350861	3.865872838767215
6933.788400317181	3.9726264106812312
7034.642674985712	4.087983827627899
7136.963908859177	4.2096978581669395
7240.773439350552	4.335059105524871
7346.092914232631	4.461022603302352
7452.944296152315	4.584457382039771
7561.349867210557	4.702277410314118
7671.332233608935	4.811471928149983
7782.914330363799	4.909163759028343
7896.119426088994	4.992734078987006
8010.971127848146	5.059976489788277
8127.49338607753	5.109083388526016
8245.710499580537	5.138152486181421
8365.647120594791	5.14480781869794
8487.328259932974	5.1266011716449835
8610.77929219841	5.081659685746698
8736.025961076528	5.009542884203383
8863.094384703289	4.911789471760487
8992.011061111683	4.791642873051267
9122.802873757471	4.653340712306927
9255.497097125279	4.501387032592524
9390.121402416245	4.339890753701131
9526.7038633184	4.172145573976723
9665.272961860968	4.000473193476938
9805.857594353829	3.8261418969997005
9948.487077413367	3.649182155597085
10093.19115407597	3.4682903537835927
10240.000000000457	3.281247466081841
10388.944229760706	3.0860531213869717
10540.05490322983	2.882439205710331
10693.363532057198	2.672913387067323
10848.902086239672	2.462486815937704
11006.703000788428	2.257294323114828
11166.799182492743	2.0633316730159663
11329.224016782166	1.886374110448571
11494.0113746885	1.7325400982742305
11661.195619909053	1.6086571163116943
11830.811615972614	1.520507963132995
12002.894733509682	1.4714814248015924
12177.48085762842	1.4607949560376783
12354.606395397908	1.483725845098428
12534.308283440243	1.5309426829964239
12716.62399563306	1.5901129461741808
12901.591550924093	1.6472748136734452
13089.249521259411	1.6883923146852915
13279.637039626952	1.6995766254696503
13472.793808217073	1.6695302530969256
13668.760106701786	1.5911216614991088
13867.576800634426	1.4611686746405084
14069.285349971487	1.280600106646701
14273.927817718419	1.0554261447746929
14481.54687870117	0.7968650701243504
14692.18582846533	0.5220440794630817
14905.888592304698	0.24981563700040932
15122.699734421185	-0.007368177300176755
15342.664467217943	-0.24957540475574258
15565.828660727671	-0.49144083429596747
15792.238852178061	-0.7588779843527036
16021.942255696367	-1.0810742866558218
16254.986772155136	-1.4819541673716485
16491.42099916115	-1.9754677038326702
16731.294241189662	-2.5666494643341355
16974.65651986603	-3.2575749393634585
17221.558584396902	-4.049145468744077
17472.051922153143	-4.937666770135182
17726.188769406665	-5.911470284793109
17984.022122223458	-6.952780094947441
18245.605747515034	-8.048079059152727
18510.99419425065	-9.200885225645179
18780.242804832582	-10.43301155191371
19053.40772663689	-11.763891810732218
19330.545923722028	-13.168194195410727
19611.71518870775	-14.529735426001555
19896.974154826825	-15.666590662746383
20186.382308152035	-16.529470851584357