20	0.0000018323638917427348
20.290906698750476	0.0000016595217422299985
20.586044732869844	0.0000014860445231586458
20.885475648548283	0.000001310889405599414
21.189261887185914	0.0000011325660825502304
21.49746679841394	9.491895230561307e-7
21.810154653305165	7.585336949421506e-7
22.12739065777668	5.580868347495794e-7
22.449240966187475	3.451089476262274e-7
22.77577269513385	1.166923080603974e-7
23.107053937445478	-1.301741961463453e-7
23.44315377638505	-3.9853598028153866e-7
23.784142300054445	-6.913980077950132e-7
24.130090616010463	-0.0000010116434171639026
24.481070866093134	-0.0000013619445904263335
24.837156241469714	-0.0000017446657540660682
25.1984209978975	-0.000002161756260237954
25.56494047120865	-0.000002614633782921285
25.936791093020236	-0.0000031040567825832633
26.3140504066728	-0.0000036299857477328724
26.69679708340074	-0.000004191432916055896
27.08511093873791	-0.000004786300415546854
27.47907294916184	-0.000005411207051339987
27.878765268980047	-0.000006061304301014408
28.284271247461966	-0.000006730082474313659
28.695675446220072	-0.000007409168446713456
29.11306365684382	-0.000008088116894181771
29.536522918790062	-0.000008754197542580056
29.966141537533712	-0.000009392181602786785
30.402009102982383	-0.000009984131294463818
30.844216508158908	-0.000010509197169272165
31.29285596815558	-0.000010943428829021684
31.74802103936409	-0.000011259605595091552
32.20980663898519	-0.00001142709472020699
32.67830906482211	-0.000011411745838015388
33.153626015361866	-0.000011175831513239001
33.63585661014871	-0.0000106780449760129
34.125101410453844	-0.000009873567385761399
34.62146244024586	-0.000008714218256183036
35.12504320746613	-0.000007148703963116105
35.635948725613716	-0.000005122980525865779
36.15428553564419	-0.00000258074806944392
36.68016172818701	5.359044964775746e-7
37.21368696608603	0.000004285685049259212
37.754972507267915	0.000008727093727602542
38.30413122794313	0.000013917207384461176
38.86127764614443	0.000019910231823656345
39.4265279456077	0.000026755800734329805
40.000000000000206	0.00003449700080996416
40.58181339750116	0.00004316810366824424
41.1720894657399	0.000052791986977409906
41.77095129709678	0.00006337722975677815
42.37852377437204	0.00007491487027603367
42.9949335968281	0.00008737481946120666
43.62030930661056	0.00010070192836518022
44.25478131555359	0.00011481171522438041
44.89848193237519	0.00012958576605444404
45.55154539026795	0.00014486683279376863
46.21410787489121	0.00016045366484339775
46.88630755277036	0.00017609562363214693
47.56828460010916	0.00019148714570817041
48.260181232021196	0.00020626213796338879
48.962141732186545	0.00021998840905960472
49.674312482939705	0.00023216226404634225
50.39684199579528	0.00024220341461070414
51.129880942417586	0.0002494503854089825
51.873582186040764	0.0002531566274781797
52.628100813345895	0.00025248758272879146
53.393594166801776	0.00024651897881945196
54.17022187747612	0.0002342366710572502
54.95814589832399	0.00021453838699550185
55.75753053796041	0.00018623776962727046
56.56854249492426	0.00014807115586461944
57.39135089244048	0.00009870756754795998
58.226127313687975	0.000036762431554968056
59.073045837580466	-0.000039184417538890015
59.932283075067765	-0.0001305658658033032
60.804018205965114	-0.00023879916547698415
61.68843301631817	-0.0003652514640953772
62.58571193631152	-0.000511198573851554
63.49604207872855	-0.0006777763406644946
64.41961327797075	-0.0008659239909536223
65.35661812964459	-0.0010763188717579988
66.3072520307241	-0.0013093020604193137
67.27171322029778	-0.0015647944078067966
68.25020282090806	-0.001842202698643304
69.2429248804921	-0.0021403157689330113
70.25008641493265	-0.002457190619200987
71.27189745122783	-0.002790028808968774
72.30857107128878	-0.0031350437186200043
73.36032345637442	-0.003487319625742207
74.42737393217246	-0.0038406639704394014
75.50994501453623	-0.004187454684188473
76.60826245588666	-0.004518485035517453
77.72255529228926	-0.004822809108593548
78.85305589121582	-0.0050875917824699385
80.00000000000082	-0.0052979679229300525
81.16362679500274	-0.0054369164378236245
82.34417893148023	-0.005485155880844694
83.541902594194	-0.005421069415788349
84.75704754874454	-0.005220668168334497
85.98986719365665	-0.004857603286561707
87.24061861322157	-0.004303238391435926
88.50956263110764	-0.003526795505858882
89.79696386475084	-0.0024955889806372866
91.10309078053635	-0.0011753633558139187
92.42821574978288	0.0004692475344608704
93.77261510554118	0.0024741216361655605
95.13656920021877	0.004874890243873775
96.52036246404286	0.00770599950611095
97.92428346437356	0.01099957075964475
99.34862496587989	0.014784038457691162
100.79368399159105	0.019082544871325435
102.25976188483567	0.023911314465473232
103.74716437208203	0.029278885329668825
105.25620162669229	0.03518596370780225
106.78718833360406	0.041625339788914806
108.34044375495276	0.04858228173165213
109.9162917966485	0.056035255299669906
111.51506107592134	0.06395681622926896
113.13708498984903	0.07231443599591958
114.78270178488147	0.08107153204907236
116.45225462737648	0.09018872340849637
118.14609167516147	0.09962498657009022
119.86456615013608	0.10933873131862926
121.60803641193078	0.11928908292764923
123.3768660326369	0.1294371278623973
125.17142387262359	0.13974714575380826
126.99208415745765	0.15018793771072309
128.83922655594208	0.16073344007184695
130.71323625928977	0.1713629017156975
132.61450406144883	0.18206034418138603
134.5434264405962	0.19281415526000084
136.50040564181674	0.2036167301322701
138.48584976098482	0.21446407186055882
140.50017282986593	0.22535525518820812
142.5437949024563	0.23629165561985244
144.61714214257822	0.24727673824923568
146.7206469127495	0.2583156094655557
148.8547478643456	0.2694145312400253
151.01989002907314	0.28058080586064643
153.216524911774	0.2918226181294487
155.4451105845792	0.3031484081849965
157.70611178243232	0.3145661846028597
160.00000000000236	0.32608320046144434
162.3272535900062	0.3377056702200873
164.6883578629612	0.34943852642065404
167.08380518838874	0.3612855472116179
169.51409509748981	0.3732495237952665
171.97973438731407	0.3853323535588792
174.4812372264439	0.39753505440482173
177.01912526221608	0.4098578144026427
179.5939277295025	0.4223003107737483
182.20618156107355	0.434861711319797
184.85643149956664	0.44754095307977193
187.54523021108326	0.46033706122727647
190.27313840043846	0.47324938797695604
193.04072492808663	0.48627789598392157
195.84856692874806	0.49942386671146377
198.69724993176072	0.5126905331334248
201.58736798318304	0.5260832483154539
204.5195237696723	0.539609825148775
207.49432874416505	0.5532803830569811
210.5124032533856	0.5671069494487704
213.57437666720915	0.5811030710957645
216.68088750990657	0.5952836982853267
219.83258359329807	0.6096646444865745
223.03012215184378	0.6242623014431107
226.2741699796992	0.639093316174135
229.5654035697641	0.6541742178904948
232.90450925475412	0.6695212683123931
236.2921833503241	0.6851497876496194
239.72913230027333	0.7010736764820863
243.21607282386276	0.7173049729399912
246.75373206527502	0.7338537431674947
250.34284774524843	0.7507278349250487
253.9841683149166	0.7679324836131504
257.67845311188546	0.7854702379078872
261.42647251858085	0.803340886835983
265.22900812289896	0.8215417162649714
269.08685288119375	0.8400677736309289
273.0008112836349	0.8589124834039992
276.97169952197106	0.8780681138781161
281.00034565973334	0.8975261005163734
285.0875898049141	0.9172777563225839
289.23428428515797	0.9373148537546268
293.44129382550057	0.9576299023101061
297.7094957286928	0.9782163049112331
302.0397800581479	0.9990691447506566
306.4330498235497	1.020186438942671
310.89022116916016	1.0415697346865271
315.41222356486645	1.0632250004362378
320.00000000000654	1.085163420564787
324.6545071800142	1.107401883479778
329.3767157259242	1.1299631355540332
334.16761037677935	1.1528755647768403
339.02819019498156	1.1761725689737184
343.95946877463007	1.1998916702090368
348.9624744528898	1.2240739669690726
354.03825052443415	1.2487634513267885
359.187855459007	1.2740065761956596
364.4123631221491	1.2998513421099975
369.71286299913527	1.326346058135346
375.0904604221685	1.3535390886188954
380.54627680087896	1.38147837489283
386.08144985617537	1.4102108961200035
391.6971338574982	1.4397815077657246
397.3944998635236	1.470231555302584
403.1747359663683	1.5015969376604161
409.0390475393468	1.5339073290049732
414.9886574883323	1.567186542855613
421.0248065067734	1.6014524688933118
427.1487533344206	1.636717870671669
433.3617750198154	1.6729915016961616
439.6651671865984	1.710278978719648
446.06024430368984	1.7485828299064292
452.54833995940066	1.7879030953018542
459.13080713953053	1.8282370412800553
465.8090185095106	1.8695785464335688
472.58436670065066	1.9119174440163396
479.45826460054917	1.955238519320281
486.432145647728	1.99951955272833
493.50746413055253	2.044729966916744
500.6856954904994	2.0908285392750168
507.9683366298358	2.13776119198053
515.3569062237735	2.1854602682119513
522.8529450371643	2.23384480563061
530.4580162458005	2.2828226870521453
538.1737057623901	2.332293522863368
546.0016225672724	2.382150722086396
553.9433990439449	2.4322829372841333
562.0006913194694	2.482576184928926
570.1751796098309	2.53291541176464
578.4685685703187	2.5831846108547003
586.8825876510039	2.6332684053203352
595.4189914573883	2.6830550228114016
604.0795601162986	2.7324374078467146
612.8660996471021	2.7813155210787333
621.780442338323	2.829598047010286
630.8244471297356	2.877203328411201
640.0000000000159	2.9240610103874722
649.3090143600314	2.9701128688559635
658.7534314518515	3.015310729583562
668.3352207535618	3.059611492889264
678.0563803899662	3.1029720531623166
687.9189375492632	3.1453470471162888
697.9249489057827	3.1866858543084136
708.0765010488715	3.2269309326828486
718.3757109180171	3.2660172097945916
728.8247262443015	3.303873789359104
739.425725998274	3.340426736286741
750.1809208443404	3.375603245611344
761.0925536017613	3.409339121782149
772.1628997123541	3.4415888903522154
783.3942677149998	3.472340022060325
794.7889997270506	3.5016299175693937
806.34947193274	3.529564071040332
818.0780950786972	3.556329950130756
829.9773149766683	3.5822010711175944
842.0496130135506	3.6075275726580855
854.2975066688449	3.6327234832716924
866.7235500396347	3.6582548805961697
879.3303343732008	3.684628697049444
892.1204886073838	3.7123830343278192
905.0966799188055	3.7420776862813754
918.2616142790653	3.774283358246115
931.6180370190256	3.809570701909461
945.1687334013056	3.848498821282236
958.9165292011028	3.891597770152416
972.8642912954606	3.9393482067600347
987.0149282611097	3.9921532848069363
1001.3713909810035	4.050305631536405
1015.9366732596762	4.113956112169089
1030.7138124475518	4.183101159264836
1045.7058900743334	4.25759486023389
1060.916032491606	4.337177892421027
1076.3474115247852	4.421508536721998
1092.0032451345498	4.510189265276489
1107.8867980878947	4.602785897725912
1124.0013826389438	4.698841062533968
1140.350359219667	4.79788686798173
1156.9371371406426	4.899455446759228
1173.765175302013	5.003087081416332
1190.837982914782	5.108342578264662
1208.1591202326028	5.214814727301405
1225.73219929421	5.322145809189999
1243.5608846766518	5.430050844185716
1261.648894259477	5.538342661944826
1280.0000000000375	5.6469505567704665
1298.6180287200684	5.755916143545982
1317.5068629037087	5.865371391343458
1336.6704415071292	5.975509461302096
1356.112760779938	6.086564068235295
1375.8378750985323	6.198788939552622
1395.8498978115715	6.312442138560951
1416.153002097749	6.42777620116378
1436.7514218360407	6.545032430728932
1457.6494524886093	6.66443897390137
1478.8514519965543	6.7862136585268376
1500.3618416886875	6.910562798609428
1522.1851072035295	7.037682651221698
1544.3257994247153	7.167763250805576
1566.788535430007	7.3009883806877705
1589.5779994541087	7.437535982874647
1612.6989438654878	7.577583635739124
1636.156190157402	7.721312699302327
1659.9546299533442	7.868911022182763
1684.099226027109	8.020582504142245
1708.5950133376978	8.176554917030595
1733.4471000792773	8.33709454988256
1758.6606687464096	8.502527319671673
1784.2409772147755	8.673258061995858
1810.193359837619	8.849789878630485
1836.5232285581387	9.032738540473956
1863.2360740380593	9.22282931998398
1890.3374668026197	9.420875695886677
1917.833058402214	9.627737799529108
1945.7285825909298	9.844241967089035
1974.0298565222283	10.071047358129057
2002.7427819620161	10.308461047506631
2031.8733465193618	10.556246191028558
2061.4276248951132	10.813544474231048
2091.411780148677	11.078973376299105
2121.832064983222	11.350804505826574
2152.694823049581	11.627131292924734
2184.0064902691106	11.905991315710079
2215.7735961758003	12.18543255273298
2248.002765277899	12.463546245517641
2280.7007184393456	12.738468576526508
2313.874274281297	13.008379453969969
2347.530350604038	13.271501407431318
2381.6759658295764	13.526095604391369
2416.318240465218	13.770491556654372
2451.4643985884327	14.003144581312759
2487.1217693533167	14.22274291678878
2523.2977885189675	14.42833772312018
2560.0000000000887	14.619440254974739
2597.236057440151	14.795985584601457
2635.0137258074315	14.958182801412242
2673.340883014273	15.106343205106002
2712.225521559891	15.240753703044868
2751.6757501970797	15.361580110583292
2791.699795623158	15.468800498648793
2832.3060041955137	15.562154636542418
2873.502843672097	15.641107562519473
2915.2989049772345	15.704826536323093
2957.7029039931244	15.752160294181673
3000.723683377391	15.781667557031591
3044.370214407075	15.791716953974271
3088.6515988494466	15.780676564160641
3133.57707086003	15.747223361815944
3179.1559989082334	15.690778038454447
3225.3978877309914	15.611852787776321
3272.3123803148205	15.512012496037768
3319.9092599067053	15.393493284728669
3368.198452054235	15.258766754675273
3417.190026675413	15.110239042720378
3466.8942001585724	14.95008622973436
3517.3213374928373	14.780199230313103
3568.4819544295697	14.60223429471761
3620.386719675257	14.417689962016832
3673.0464571162966	14.228012900743165
3726.472148076138	14.034699140519766
3780.6749336052594	13.83937062008378
3835.6661168044484	13.643824163728679
3891.45716518188	13.44999898993824
3948.059713044477	13.259827290331396
4005.4855639240527	13.074969951155131
4063.746693038744	12.896443360649798
4122.855249790247	12.724428411245166
4182.823560297375	12.558440221010112
4243.664129966465	12.39768906232625
4305.389646099183	12.241388589592527
4368.012980538242	12.088927168301552
4431.5471923516225	11.939943905103526
4496.00553055582	11.79431655855552
4561.401436878714	11.65211735560001
4627.748548562617	11.513583699290413
4695.060701208099	11.37907899662886
4763.351931659176	11.249061060415373
4832.63648093046	11.124045205519709
4902.928797176889	11.004541722854805
4974.243538706657	10.890989881199355
5046.595577037959	10.783700184374275
5120.000000000202	10.682773370317207
5194.472114880326	10.588103613778667
5270.027451614888	10.49945057244519
5346.6817660285715	10.416551753847743
5424.451043119808	10.33918181281329
5503.351500394186	10.267162789508319
5583.399591246343	10.200387121384225
5664.612008391055	10.138839331599355
5747.005687344222	10.082659009510154
5830.597809954497	10.032232862084697
5915.405807986278	9.988388154827026
6001.447366754812	9.952542945871386
6088.740428814181	9.926716179961312
6177.303197698925	9.913373906009666
6267.154141720092	9.914900036464765
6358.3119978165005	9.932535946351802
6450.795775462017	9.965388566473006
6544.624760629676	10.01052964090892
6639.818519813445	10.064124986816712
6736.396904108505	10.122471046052205
6834.380053350861	10.182582696435675
6933.788400317181	10.242257710774002
7034.642674985712	10.299938812000637
7136.963908859177	10.354489165557217
7240.773439350552	10.404941685757663
7346.092914232631	10.450249111405407
7452.944296152315	10.488978808959446
7561.349867210557	10.518792494352304
7671.332233608935	10.53596813700758
7782.914330363799	10.535199576282462
7896.119426088994	10.50994862332297
8010.971127848146	10.454240425328107
8127.49338607753	10.36542172060707
8245.710499580537	10.24574543030196
8365.647120594791	10.100711282313513
8487.328259932974	9.936351169231417
8610.77929219841	9.757568093364705
8736.025961076528	9.56764215414952
8863.094384703289	9.368530675033604
8992.011061111683	9.161445210267571
9122.802873757471	8.94719605387706
9255.497097125279	8.726483112968904
9390.121402416245	8.500209978944278
9526.7038633184	8.269700698507007
9665.272961860968	8.03682890635801
9805.857594353829	7.804094761301382
9948.487077413367	7.574251585902285
10093.19115407597	7.349354848660369
10240.000000000457	7.129893394065179
10388.944229760706	6.914978873476019
10540.05490322983	6.703313913110189
10693.363532057198	6.493912767170426
10848.902086239672	6.286364328898626
11006.703000788428	6.080702616365415
11166.799182492743	5.877232278138141
11329.224016782166	5.6763701263593624
11494.0113746885	5.478456924951285
11661.195619909053	5.283745673857096
11830.811615972614	5.092735933270561
12002.894733509682	4.906488320181972
12177.48085762842	4.7267269554907125
12354.606395397908	4.555837503745139
12534.308283440243	4.396170909857242
12716.62399563306	4.248537400735162
12901.591550924093	4.111220899184689
13089.249521259411	3.981170306840808
13279.637039626952	3.8560152802055256
13472.793808217073	3.734465805289566
13668.760106701786	3.6159275549410674
13867.576800634426	3.500170026210935
14069.285349971487	3.3870376412524843
14273.927817718419	3.276294913233063
14481.54687870117	3.16775925413355
14692.18582846533	3.061648474821528
14905.888592304698	2.958313295508079
15122.699734421185	2.8575778108205063
15342.664467217943	2.7577102120521637
15565.828660727671	2.652954060866988
15792.238852178061	2.5318352568347513
16021.942255696367	2.379640152742172
16254.986772155136	2.187686162263996
16491.42099916115	1.9603772072418615
16731.294241189662	1.7094558528803911
16974.65651986603	1.444592493269378
17221.558584396902	1.170844929929312
17472.051922153143	0.8901446202255439
17726.188769406665	0.6031663379993939
17984.022122223458	0.3102476139518285
18245.605747515034	0.011489139906145609
18510.99419425065	-0.2933935272914505
18780.242804832582	-0.6048658550603631
19053.40772663689	-0.9208649342575792
19330.545923722028	-1.23131026738244
19611.71518870775	-1.5125415623886502
19896.974154826825	-1.7365604756329658
20186.382308152035	-1.9063574107076493