20	-0.0002140586317645257
20.290906698750476	-0.0007272445292311198
20.586044732869844	-0.0012403781358936291
20.885475648548283	-0.0017534437688553452
21.189261887185914	-0.0022663995975627815
21.49746679841394	-0.0027792181383444964
21.810154653305165	-0.003291801438429304
22.12739065777668	-0.0038039158862363974
22.449240966187475	-0.0043152178973421594
22.77577269513385	-0.004825243986212823
23.107053937445478	-0.005333484652276268
23.44315377638505	-0.005839459161972254
23.784142300054445	-0.0063427083819729
24.130090616010463	-0.006842812670591607
24.481070866093134	-0.007339392168138064
24.837156241469714	-0.007832110439278166
25.1984209978975	-0.00832067039950406
25.56494047120865	-0.008804823574659401
25.936791093020236	-0.009284375445869865
26.3140504066728	-0.00975918292465081
26.69679708340074	-0.010229136786999792
27.08511093873791	-0.010694168072608305
27.47907294916184	-0.01115416943267667
27.878765268980047	-0.011608998214139677
28.284271247461966	-0.012058480804208141
28.695675446220072	-0.012502450716682625
29.11306365684382	-0.012940728257045266
29.536522918790062	-0.013373110942751613
29.966141537533712	-0.013799387306939331
30.402009102982383	-0.014219293873987245
30.844216508158908	-0.014632567808165148
31.29285596815558	-0.015038893562418259
31.74802103936409	-0.015437885688964443
32.20980663898519	-0.015829139547948668
32.67830906482211	-0.016212269551479367
33.153626015361866	-0.016586917765435104
33.63585661014871	-0.016952675958799224
34.125101410453844	-0.01730906844166002
34.62146244024586	-0.017655611686917105
35.12504320746613	-0.017991830473631426
35.635948725613716	-0.018317319943649407
36.15428553564419	-0.018631692813991088
36.68016172818701	-0.018934572250441213
37.21368696608603	-0.01922566132857812
37.754972507267915	-0.019504684724822127
38.30413122794313	-0.01977131443709053
38.86127764614443	-0.02002519236078789
39.4265279456077	-0.020266001019264852
40.000000000000206	-0.020493415330509614
40.58181339750116	-0.020707078514110626
41.1720894657399	-0.020906746389748827
41.77095129709678	-0.02109227210592409
42.37852377437204	-0.02126354039423666
42.9949335968281	-0.02142040602364583
43.62030930661056	-0.021562682602279067
44.25478131555359	-0.021690283960155737
44.89848193237519	-0.021803262047803862
45.55154539026795	-0.021901774222048566
46.21410787489121	-0.021986045357218577
46.88630755277036	-0.02205633456160383
47.56828460010916	-0.022112906478005567
48.260181232021196	-0.022156007136537516
48.962141732186545	-0.022185844326765944
49.674312482939705	-0.022202594217529806
50.39684199579528	-0.022206514332882045
51.129880942417586	-0.022198105862307124
51.873582186040764	-0.022178149951172267
52.628100813345895	-0.02214768040052418
53.393594166801776	-0.022107837756357034
54.17022187747612	-0.022059738012776303
54.95814589832399	-0.022004458966708718
55.75753053796041	-0.021943057318937684
56.56854249492426	-0.021876588560220303
57.39135089244048	-0.021806129303222375
58.226127313687975	-0.021732801714600396
59.073045837580466	-0.021657799686570493
59.932283075067765	-0.021582411821984893
60.804018205965114	-0.021507977985452034
61.68843301631817	-0.021435694113266048
62.58571193631152	-0.021366568625221637
63.49604207872855	-0.021301444427200743
64.41961327797075	-0.021240992500133726
65.35661812964459	-0.021185576332816296
66.3072520307241	-0.021135111758211818
67.27171322029778	-0.021089033217440413
68.25020282090806	-0.021046184877828895
69.2429248804921	-0.021004616631180903
70.25008641493265	-0.020961434633107845
71.27189745122783	-0.020912595959597817
72.30857107128878	-0.020852850455349355
73.36032345637442	-0.020775630102914257
74.42737393217246	-0.020672824397085975
75.50994501453623	-0.02053461019988563
76.60826245588666	-0.020349253027595965
77.72255529228926	-0.02010292826685864
78.85305589121582	-0.0197794593587651
80.00000000000082	-0.019360148166845365
81.16362679500274	-0.018823766698146005
82.34417893148023	-0.01814637438609723
83.541902594194	-0.017301182243170954
84.75704754874454	-0.016258690924182195
85.98986719365665	-0.014986733293220977
87.24061861322157	-0.01345048906570856
88.50956263110764	-0.01161264171768761
89.79696386475084	-0.009433845631383941
91.10309078053635	-0.006873161609550205
92.42821574978288	-0.0038886217608457008
93.77261510554118	-0.0004379319376017765
95.13656920021877	0.003520625438794278
96.52036246404286	0.008026986964795313
97.92428346437356	0.013117643783935096
99.34862496587989	0.01882393071921018
100.79368399159105	0.025170110992065897
102.25976188483567	0.03217150778398392
103.74716437208203	0.03983341287514208
105.25620162669229	0.04815083693652045
106.78718833360406	0.057108700942751556
108.34044375495276	0.06668238650958758
109.9162917966485	0.07683855896056224
111.51506107592134	0.08753604632909306
113.13708498984903	0.09872687946617664
114.78270178488147	0.11035760765270441
116.45225462737648	0.12237083424141026
118.14609167516147	0.1347068740145798
119.86456615013608	0.1473053990628418
121.60803641193078	0.1601070907116554
123.3768660326369	0.17305564927219036
125.17142387262359	0.18609972565443592
126.99208415745765	0.19919443793992436
128.83922655594208	0.2123025194917514
130.71323625928977	0.22539429845620051
132.61450406144883	0.2384469347035143
134.5434264405962	0.2514437103481237
136.50040564181674	0.2643734652346224
138.48584976098482	0.27723011953170806
140.50017282986593	0.2900119199497835
142.5437949024563	0.3027205826299883
144.61714214257822	0.31536069971328556
146.7206469127495	0.32793910588772157
148.8547478643456	0.34046422485818006
151.01989002907314	0.3529455035245581
153.216524911774	0.36539278272541265
155.4451105845792	0.3778157936974133
157.70611178243232	0.39022379549213176
160.00000000000236	0.4026250918091794
162.3272535900062	0.41502659375501105
164.6883578629612	0.42743359492267424
167.08380518838874	0.43984997637475365
169.51409509748981	0.4522782387911379
171.97973438731407	0.4647195226085633
174.4812372264439	0.47717373825616766
177.01912526221608	0.4896398192544535
179.5939277295025	0.5021161043063955
182.20618156107355	0.5146007542352671
184.85643149956664	0.5270919880931969
187.54523021108326	0.5395885940027492
190.27313840043846	0.5520902735939853
193.04072492808663	0.5645979759039015
195.84856692874806	0.5771143631228439
198.69724993176072	0.5896443850240198
201.58736798318304	0.6021957921840971
204.5195237696723	0.6147795111490689
207.49432874416505	0.6274097269954191
210.5124032533856	0.6401037102471261
213.57437666720915	0.6528815930135693
216.68088750990657	0.6657658454536035
219.83258359329807	0.6787803888656783
223.03012215184378	0.6919499922270198
226.2741699796992	0.705299899546252
229.5654035697641	0.7188555025986834
232.90450925475412	0.7326420101776365
236.2921833503241	0.7466839477410578
239.72913230027333	0.7610041678759185
243.21607282386276	0.7756232098803293
246.75373206527502	0.7905587387334235
250.34284774524843	0.8058250475312634
253.9841683149166	0.8214328702685543
257.67845311188546	0.8373890413495534
261.42647251858085	0.853696952174342
265.22900812289896	0.8703571666129585
269.08685288119375	0.8873678586810688
273.0008112836349	0.9047249028880628
276.97169952197106	0.9224222580317267
281.00034565973334	0.9404528585141166
285.0875898049141	0.9588094608566051
289.23428428515797	0.9774850275012275
293.44129382550057	0.9964731625830745
297.7094957286928	1.0157686934688877
302.0397800581479	1.0353686728570461
306.4330498235497	1.0552732213261824
310.89022116916016	1.0754863248898456
315.41222356486645	1.0960167860690888
320.00000000000654	1.1168793264032861
324.6545071800142	1.1380953626112627
329.3767157259242	1.159692562416888
334.16761037677935	1.1817042009748282
339.02819019498156	1.2041689665128832
343.95946877463007	1.2271301312173217
348.9624744528898	1.250634410998989
354.03825052443415	1.274731260291071
359.187855459007	1.2994722030880155
364.4123631221491	1.3249100280722947
369.71286299913527	1.3510981507498379
375.0904604221685	1.378089209110521
380.54627680087896	1.4059336609924167
386.08144985617537	1.4346780874916925
391.6971338574982	1.4643632186358335
397.3944998635236	1.4950219886765128
403.1747359663683	1.526677740226539
409.0390475393468	1.559342473250712
414.9886574883323	1.5930164985404955
421.0248065067734	1.6276896321425824
427.1487533344206	1.6633427036736026
433.3617750198154	1.6999491285323574
439.6651671865984	1.7374764714517488
446.06024430368984	1.7758874950523902
452.54833995940066	1.8151406945725663
459.13080713953053	1.8551907626589692
465.8090185095106	1.8959890183436043
472.58436670065066	1.9374833936259743
479.45826460054917	1.97961793859309
486.432145647728	2.022332252775333
493.50746413055253	2.065560380694491
500.6856954904994	2.1092291703249644
507.9683366298358	2.1532569880392214
515.3569062237735	2.1975537406922436
522.8529450371643	2.242020770640757
530.4580162458005	2.2865521617575153
538.1737057623901	2.3310355869837114
546.0016225672724	2.3753528461276896
553.9433990439449	2.419381155606876
562.0006913194694	2.462994326952371
570.1751796098309	2.5060644579982876
578.4685685703187	2.5484634313119
586.8825876510039	2.590065358224945
595.4189914573883	2.630750420294581
604.0795601162986	2.670410159521054
612.8660996471021	2.708953137974816
621.780442338323	2.7463120576851785
630.8244471297356	2.78245288394626
640.0000000000159	2.817383711736731
649.3090143600314	2.851157750266141
658.7534314518515	2.883869712830262
668.3352207535618	2.915648610275099
678.0563803899662	2.9466494711590854
687.9189375492632	2.9770458842005105
697.9249489057827	3.007024626103325
708.0765010488715	3.0367809897755076
718.3757109180171	3.0665143703116913
728.8247262443015	3.096426024799093
739.425725998274	3.1267170274950526
750.1809208443404	3.157586181911247
761.0925536017613	3.189227901437337
772.1628997123541	3.2218297375222584
783.3942677149998	3.2555695705367422
794.7889997270506	3.2906121997057958
806.34947193274	3.327106817510733
818.0780950786972	3.365184241373757
829.9773149766683	3.4049563145039374
842.0496130135506	3.446519574117838
854.2975066688449	3.4899598120659405
866.7235500396347	3.535355136637236
879.3303343732008	3.582778835945805
892.1204886073838	3.632302007172835
905.0966799188055	3.6839961692219294
918.2616142790653	3.737935159915863
931.6180370190256	3.7941944738037634
945.1687334013056	3.852849955324295
958.9165292011028	3.9139763318004754
972.8642912954606	3.977644582268165
987.0149282611097	4.043918332887288
1001.3713909810035	4.112849837896751
1015.9366732596762	4.184475028844088
1030.7138124475518	4.258810534620766
1045.7058900743334	4.335854463687314
1060.916032491606	4.415588539834795
1076.3474115247852	4.497979277090329
1092.0032451345498	4.582978647437462
1107.8867980878947	4.67052487967041
1124.0013826389438	4.760544625490417
1140.350359219667	4.852953260147947
1156.9371371406426	4.947655571889746
1173.765175302013	5.044548220638474
1190.837982914782	5.143523791954458
1208.1591202326028	5.244475283761128
1225.73219929421	5.347306320377204
1243.5608846766518	5.451944320102879
1261.648894259477	5.558358801013759
1280.0000000000375	5.666577818444101
1298.6180287200684	5.776689834191792
1317.5068629037087	5.888835612239717
1336.6704415071292	6.003197253766879
1356.112760779938	6.1199858587191445
1375.8378750985323	6.239434556672787
1395.8498978115715	6.361792795762755
1416.153002097749	6.487326436192438
1436.7514218360407	6.616317616734178
1457.6494524886093	6.749067117042509
1478.8514519965543	6.885894144701705
1500.3618416886875	7.027133683211686
1522.1851072035295	7.173130979276033
1544.3257994247153	7.324231970647774
1566.788535430007	7.480765580367444
1589.5779994541087	7.6430189116124145
1612.6989438654878	7.811208254644204
1636.156190157402	7.985452409649845
1659.9546299533442	8.165772347880239
1684.099226027109	8.352120174230993
1708.5950133376978	8.544419373291102
1733.4471000792773	8.742606764437664
1758.6606687464096	8.946670133036037
1784.2409772147755	9.156680303056246
1810.193359837619	9.37281880954797
1836.5232285581387	9.595394166256295
1863.2360740380593	9.824844011030986
1890.3374668026197	10.061717894233162
1917.833058402214	10.306630123404735
1945.7285825909298	10.560180425272197
1974.0298565222283	10.822823313220688
2002.7427819620161	11.094676786828519
2031.8733465193618	11.375311236035657
2061.4276248951132	11.663654717783839
2091.411780148677	11.958096340173064
2121.832064983222	12.25666923753411
2152.694823049581	12.557212960866266
2184.0064902691106	12.857481632336507
2215.7735961758003	13.155189588300596
2248.002765277899	13.448030684804944
2280.7007184393456	13.733661975333147
2313.874274281297	14.009696824253231
2347.530350604038	14.273696133311201
2381.6759658295764	14.523177882058194
2416.318240465218	14.755678405073112
2451.4643985884327	14.968886881412162
2487.1217693533167	15.16089418868031
2523.2977885189675	15.330496921105468
2560.0000000000887	15.477451015806137
2597.236057440151	15.602387295004553
2635.0137258074315	15.706510233675228
2673.340883014273	15.791275490037833
2712.225521559891	15.858148021534475
2751.6757501970797	15.908433513994888
2791.699795623158	15.94320093427833
2832.3060041955137	15.963245042513753
2873.502843672097	15.96907758836495
2915.2989049772345	15.960918586531461
2957.7029039931244	15.938719891408594
3000.723683377391	15.902223067490628
3044.370214407075	15.851049564579426
3088.6515988494466	15.784822282896958
3133.57707086003	15.703308013451373
3179.1559989082334	15.606606437015722
3225.3978877309914	15.495313665265321
3272.3123803148205	15.37047923427814
3319.9092599067053	15.233426472757305
3368.198452054235	15.0855680465379
3417.190026675413	14.928279140688986
3466.8942001585724	14.762833714235466
3517.3213374928373	14.590395588639245
3568.4819544295697	14.41203692309133
3620.386719675257	14.22878932204473
3673.0464571162966	14.041695469799933
3726.472148076138	13.851859585141158
3780.6749336052594	13.660498752326385
3835.6661168044484	13.468974683994583
3891.45716518188	13.27877948002827
3948.059713044477	13.09142894564818
4005.4855639240527	12.908244734985681
4063.746693038744	12.730044510814185
4122.855249790247	12.556981612431391
4182.823560297375	12.388717691696502
4243.664129966465	12.22470250959366
4305.389646099183	12.06440015634974
4368.012980538242	11.9073986382275
4431.5471923516225	11.753466060908707
4496.00553055582	11.602537857459524
4561.401436878714	11.454715718918884
4627.748548562617	11.310224467372981
4695.060701208099	11.169383115238134
4763.351931659176	11.03259923746652
4832.63648093046	10.900350261696575
4902.928797176889	10.773137249490752
4974.243538706657	10.651400725934648
5046.595577037959	10.5354286080434
5120.000000000202	10.425269717699178
5194.472114880326	10.320767574039735
5270.027451614888	10.221651316592274
5346.6817660285715	10.127632010592416
5424.451043119808	10.038465691885333
5503.351500394186	9.953978084461522
5583.399591246343	9.874037640453961
5664.612008391055	9.798561599000843
5747.005687344222	9.72758681953431
5830.597809954497	9.661380849807697
5915.405807986278	9.600557867916393
6001.447366754812	9.546180418376883
6088.740428814181	9.499800346064633
6177.303197698925	9.463349307773587
6267.154141720092	9.438661228028394
6358.3119978165005	9.426648458095162
6450.795775462017	9.426538377618135
6544.624760629676	9.436050615811483
6639.818519813445	9.452232281199123
6736.396904108505	9.47224876061921
6834.380053350861	9.493791702865575
6933.788400317181	9.515160290395958
7034.642674985712	9.535160110326737
7136.963908859177	9.552934050559479
7240.773439350552	9.567749823733807
7346.092914232631	9.57880466372662
7452.944296152315	9.5849921901131
7561.349867210557	9.584578102493332
7671.332233608935	9.574846633216227
7782.914330363799	9.551836632964303
7896.119426088994	9.510571659516776
8010.971127848146	9.44627818054043
8127.49338607753	9.356661340647108
8245.710499580537	9.243459407936182
8365.647120594791	9.11100062697904
8487.328259932974	8.963866234796317
8610.77929219841	8.805582924080731
8736.025961076528	8.63844022277572
8863.094384703289	8.463796993223193
8992.011061111683	8.282473021474539
9122.802873757471	8.094993729188532
9255.497097125279	7.901826247047512
9390.121402416245	7.703652127257359
9526.7038633184	7.501479665780845
9665.272961860968	7.296752255285486
9805.857594353829	7.091433470432929
9948.487077413367	6.887723396680858
10093.19115407597	6.687268439743888
10240.000000000457	6.4902983194644275
10388.944229760706	6.295824350929808
10540.05490322983	6.102469520124885
10693.363532057198	5.909110794722227
10848.902086239672	5.715172134022854
11006.703000788428	5.520552851242369
11166.799182492743	5.325388110348106
11329.224016782166	5.129864227785839
11494.0113746885	4.934156012642156
11661.195619909053	4.738447891902696
11830.811615972614	4.542927585830366
12002.894733509682	4.347877646472147
12177.48085762842	4.153740203072238
12354.606395397908	3.961238048214158
12534.308283440243	3.771146330908922
12716.62399563306	3.5837903573771785
12901.591550924093	3.3987112797259598
13089.249521259411	3.215026399485438
13279.637039626952	3.0321242498479513
13472.793808217073	2.849712256596483
13668.760106701786	2.667676517017565
13867.576800634426	2.486039042572937
14069.285349971487	2.3048541919759438
14273.927817718419	2.1240801744050826
14481.54687870117	1.9436157827611193
14692.18582846533	1.7632496162273263
14905.888592304698	1.5824578452224396
15122.699734421185	1.4008230931015628
15342.664467217943	1.2191098084999448
15565.828660727671	1.0409138182527675
15792.238852178061	0.8741357078415815
16021.942255696367	0.7296394139337006
16254.986772155136	0.614468041033584
16491.42099916115	0.5252082772449843
16731.294241189662	0.45297336619019585
16974.65651986603	0.3906861937395585
17221.558584396902	0.33493270665981456
17472.051922153143	0.28463633074421957
17726.188769406665	0.2395531584539951
17984.022122223458	0.19943284519387333
18245.605747515034	0.16368959162488547
18510.99419425065	0.13163048472450245
18780.242804832582	0.10251858047419371
19053.40772663689	0.07589449998674892
19330.545923722028	0.05192532624547921
19611.71518870775	0.031506078529109374
19896.974154826825	0.016054445534542845
20186.382308152035	0.0050870792436199675